rows: 64
cols: 1
data: 
	5.80097 
	-5.95558 
	8.40273 
	-16.2419 
	3.75556 
	7.9508 
	-2.39129 
	7.05572 
	4.52112 
	-1.70934 
	15.6058 
	0.377457 
	1.4922 
	-2.04681 
	-9.75497 
	-0.787218 
	-5.30656 
	-5.91331 
	1.24984 
	-3.1374 
	-7.90674 
	-6.93871 
	3.68103 
	0.900486 
	4.75121 
	14.1227 
	-8.69419 
	-0.856844 
	-1.59841 
	6.1212 
	5.58308 
	0.611523 
	1.99499 
	-4.67866 
	2.28396 
	14.8363 
	-1.36163 
	-0.303558 
	11.1378 
	-0.0678101 
	-0.634047 
	7.62145 
	-4.91265 
	-7.3695 
	-3.85775 
	6.6557 
	4.6279 
	-1.38528 
	-4.32373 
	-7.7977 
	-3.54979 
	2.86575 
	0.723849 
	2.34526 
	3.38185 
	-2.87333 
	-8.89269 
	-6.88687 
	5.04541 
	6.55557 
	2.77642 
	-11.9769 
	3.01853 
	-1.85045 
