rows: 64
cols: 1
data: 
	9.319 
	9.319 
	9.319 
	9.319 
	9.319 
	9.319 
	9.319 
	9.319 
	9.319 
	9.319 
	9.319 
	9.319 
	9.319 
	9.319 
	9.319 
	9.319 
	9.319 
	9.319 
	9.319 
	9.319 
	9.319 
	9.319 
	9.319 
	9.319 
	9.319 
	9.319 
	9.319 
	9.319 
	9.319 
	9.319 
	9.319 
	9.319 
	9.319 
	9.319 
	9.319 
	9.319 
	9.319 
	9.319 
	9.319 
	9.319 
	9.319 
	9.319 
	9.319 
	9.319 
	9.319 
	9.319 
	9.319 
	9.319 
	9.319 
	9.319 
	9.319 
	9.319 
	9.319 
	9.319 
	9.319 
	9.319 
	9.319 
	9.319 
	9.319 
	9.319 
	9.319 
	9.319 
	9.319 
	9.319 
